"","V1","V2","V3","V4","V5","V6","V7","V8","V9","V10"
"1",0.0886075949367089,0.0632911392405063,0.10126582278481,0.10126582278481,0.164556962025316,0.0886075949367089,0.0632911392405063,0.126582278481013,0.10126582278481,0.10126582278481
"2",0.0675675675675676,0.0810810810810811,0.135135135135135,0.162162162162162,0.135135135135135,0.0810810810810811,0.0810810810810811,0.108108108108108,0.0675675675675676,0.0810810810810811
"3",0.0595238095238095,0.0833333333333333,0.130952380952381,0.178571428571429,0.107142857142857,0.0595238095238095,0.0595238095238095,0.0833333333333333,0.0952380952380952,0.142857142857143
"4",0.0659340659340659,0.0879120879120879,0.120879120879121,0.175824175824176,0.131868131868132,0.0659340659340659,0.0659340659340659,0.0769230769230769,0.10989010989011,0.0989010989010989
"5",0.0561797752808989,0.123595505617978,0.134831460674157,0.123595505617978,0.112359550561798,0.0674157303370786,0.0674157303370786,0.0674157303370786,0.134831460674157,0.112359550561798
"6",0.0789473684210526,0.105263157894737,0.105263157894737,0.118421052631579,0.144736842105263,0.0657894736842105,0.0789473684210526,0.0921052631578947,0.105263157894737,0.105263157894737
"7",0.0895522388059701,0.104477611940299,0.104477611940299,0.0895522388059701,0.0895522388059701,0.0895522388059701,0.104477611940299,0.119402985074627,0.104477611940299,0.104477611940299
"8",0.078125,0.09375,0.09375,0.140625,0.078125,0.09375,0.109375,0.109375,0.109375,0.09375
"9",0.0819672131147541,0.0819672131147541,0.114754098360656,0.131147540983607,0.0819672131147541,0.0819672131147541,0.0983606557377049,0.0983606557377049,0.0983606557377049,0.131147540983607
"10",0.0847457627118644,0.0847457627118644,0.101694915254237,0.135593220338983,0.0847457627118644,0.101694915254237,0.101694915254237,0.11864406779661,0.0847457627118644,0.101694915254237
"11",0.0819672131147541,0.0983606557377049,0.131147540983607,0.0983606557377049,0.0819672131147541,0.0983606557377049,0.0819672131147541,0.131147540983607,0.0819672131147541,0.114754098360656
"12",0.09375,0.09375,0.09375,0.078125,0.109375,0.109375,0.078125,0.109375,0.109375,0.125
"13",0.0882352941176471,0.0735294117647059,0.117647058823529,0.0882352941176471,0.0735294117647059,0.147058823529412,0.0882352941176471,0.0882352941176471,0.132352941176471,0.102941176470588
"14",0.0909090909090909,0.0909090909090909,0.0909090909090909,0.0757575757575758,0.0909090909090909,0.136363636363636,0.0909090909090909,0.106060606060606,0.121212121212121,0.106060606060606
"15",0.119402985074627,0.0895522388059701,0.0895522388059701,0.0746268656716418,0.0895522388059701,0.134328358208955,0.104477611940299,0.104477611940299,0.119402985074627,0.0746268656716418
"16",0.108108108108108,0.0810810810810811,0.0675675675675676,0.135135135135135,0.0945945945945946,0.0945945945945946,0.108108108108108,0.135135135135135,0.108108108108108,0.0675675675675676
"17",0.12987012987013,0.0649350649350649,0.0779220779220779,0.155844155844156,0.103896103896104,0.103896103896104,0.0909090909090909,0.0909090909090909,0.103896103896104,0.0779220779220779
"18",0.0789473684210526,0.0789473684210526,0.131578947368421,0.157894736842105,0.0921052631578947,0.0921052631578947,0.0789473684210526,0.0789473684210526,0.118421052631579,0.0921052631578947
"19",0.107692307692308,0.107692307692308,0.123076923076923,0.0923076923076923,0.0923076923076923,0.107692307692308,0.0769230769230769,0.0769230769230769,0.138461538461538,0.0769230769230769
"20",0.104477611940299,0.119402985074627,0.0895522388059701,0.104477611940299,0.0746268656716418,0.104477611940299,0.0895522388059701,0.119402985074627,0.119402985074627,0.0746268656716418
"21",0.0869565217391304,0.101449275362319,0.101449275362319,0.072463768115942,0.0869565217391304,0.101449275362319,0.0869565217391304,0.144927536231884,0.130434782608696,0.0869565217391304
"22",0.0684931506849315,0.0958904109589041,0.0958904109589041,0.0958904109589041,0.0821917808219178,0.10958904109589,0.0821917808219178,0.150684931506849,0.123287671232877,0.0958904109589041
"23",0.08,0.0933333333333333,0.08,0.0666666666666667,0.106666666666667,0.106666666666667,0.106666666666667,0.146666666666667,0.133333333333333,0.08
"24",0.0617283950617284,0.0864197530864197,0.0740740740740741,0.0740740740740741,0.0987654320987654,0.111111111111111,0.0987654320987654,0.111111111111111,0.197530864197531,0.0864197530864197
"25",0.0864197530864197,0.0740740740740741,0.0740740740740741,0.0740740740740741,0.0864197530864197,0.0740740740740741,0.123456790123457,0.135802469135802,0.209876543209877,0.0617283950617284
"26",0.0657894736842105,0.0657894736842105,0.0657894736842105,0.0657894736842105,0.105263157894737,0.0657894736842105,0.131578947368421,0.118421052631579,0.25,0.0657894736842105
"27",0.0649350649350649,0.0779220779220779,0.103896103896104,0.0649350649350649,0.0909090909090909,0.0779220779220779,0.0779220779220779,0.116883116883117,0.233766233766234,0.0909090909090909
"28",0.0810810810810811,0.0675675675675676,0.108108108108108,0.0945945945945946,0.121621621621622,0.0675675675675676,0.0810810810810811,0.121621621621622,0.162162162162162,0.0945945945945946
"29",0.0972222222222222,0.0694444444444444,0.0972222222222222,0.0694444444444444,0.152777777777778,0.0694444444444444,0.0694444444444444,0.125,0.138888888888889,0.111111111111111
"30",0.107692307692308,0.0769230769230769,0.0769230769230769,0.0923076923076923,0.138461538461538,0.0769230769230769,0.0769230769230769,0.107692307692308,0.153846153846154,0.0923076923076923
"31",0.0895522388059701,0.0746268656716418,0.0746268656716418,0.0895522388059701,0.149253731343284,0.0746268656716418,0.0895522388059701,0.0746268656716418,0.208955223880597,0.0746268656716418
"32",0.108108108108108,0.0675675675675676,0.0945945945945946,0.0945945945945946,0.0675675675675676,0.0810810810810811,0.0675675675675676,0.0675675675675676,0.283783783783784,0.0675675675675676
"33",0.0972222222222222,0.0694444444444444,0.0972222222222222,0.0972222222222222,0.0833333333333333,0.0694444444444444,0.0833333333333333,0.0694444444444444,0.263888888888889,0.0694444444444444
"34",0.0833333333333333,0.0694444444444444,0.0694444444444444,0.0833333333333333,0.0694444444444444,0.0694444444444444,0.0833333333333333,0.0694444444444444,0.333333333333333,0.0694444444444444
"35",0.0694444444444444,0.0972222222222222,0.0833333333333333,0.0694444444444444,0.0694444444444444,0.0694444444444444,0.0833333333333333,0.0694444444444444,0.319444444444444,0.0694444444444444
"36",0.0625,0.0625,0.1,0.0625,0.0625,0.0625,0.075,0.075,0.375,0.0625
"37",0.0721649484536082,0.0618556701030928,0.0824742268041237,0.0721649484536082,0.0515463917525773,0.0618556701030928,0.0618556701030928,0.0721649484536082,0.412371134020619,0.0515463917525773
"38",0.0707070707070707,0.0707070707070707,0.0707070707070707,0.0707070707070707,0.0606060606060606,0.0505050505050505,0.0707070707070707,0.0606060606060606,0.414141414141414,0.0606060606060606
"39",0.0606060606060606,0.0808080808080808,0.111111111111111,0.0707070707070707,0.0909090909090909,0.0707070707070707,0.0707070707070707,0.101010101010101,0.272727272727273,0.0707070707070707
"40",0.0769230769230769,0.115384615384615,0.115384615384615,0.0641025641025641,0.115384615384615,0.0897435897435897,0.0769230769230769,0.0897435897435897,0.179487179487179,0.0769230769230769
"41",0.0704225352112676,0.112676056338028,0.112676056338028,0.0704225352112676,0.112676056338028,0.0985915492957746,0.112676056338028,0.140845070422535,0.0845070422535211,0.0845070422535211
"42",0.0952380952380952,0.142857142857143,0.0952380952380952,0.0952380952380952,0.0952380952380952,0.0793650793650794,0.0793650793650794,0.0952380952380952,0.0952380952380952,0.126984126984127
"43",0.104477611940299,0.104477611940299,0.0895522388059701,0.0746268656716418,0.104477611940299,0.0895522388059701,0.104477611940299,0.0895522388059701,0.104477611940299,0.134328358208955
"44",0.0909090909090909,0.0909090909090909,0.0909090909090909,0.136363636363636,0.0909090909090909,0.106060606060606,0.0909090909090909,0.106060606060606,0.0757575757575758,0.121212121212121
"45",0.0843373493975904,0.072289156626506,0.0602409638554217,0.108433734939759,0.072289156626506,0.253012048192771,0.072289156626506,0.0963855421686747,0.0843373493975904,0.0963855421686747
"46",0.0714285714285714,0.0612244897959184,0.0510204081632653,0.0816326530612245,0.0714285714285714,0.397959183673469,0.0510204081632653,0.0612244897959184,0.0612244897959184,0.0918367346938776
"47",0.0754716981132075,0.0566037735849057,0.0566037735849057,0.0566037735849057,0.0754716981132075,0.405660377358491,0.0660377358490566,0.0471698113207547,0.0849056603773585,0.0754716981132075
"48",0.0736842105263158,0.0526315789473684,0.0631578947368421,0.0631578947368421,0.0526315789473684,0.410526315789474,0.0526315789473684,0.0526315789473684,0.0842105263157895,0.0947368421052632
"49",0.0804597701149425,0.0574712643678161,0.137931034482759,0.0574712643678161,0.0804597701149425,0.28735632183908,0.0574712643678161,0.0804597701149425,0.0804597701149425,0.0804597701149425
"50",0.0714285714285714,0.0714285714285714,0.130952380952381,0.0714285714285714,0.0833333333333333,0.261904761904762,0.0833333333333333,0.107142857142857,0.0595238095238095,0.0595238095238095
"51",0.0588235294117647,0.0588235294117647,0.105882352941176,0.0705882352941176,0.0588235294117647,0.258823529411765,0.117647058823529,0.129411764705882,0.0705882352941176,0.0705882352941176
"52",0.0617283950617284,0.0617283950617284,0.0864197530864197,0.0740740740740741,0.0617283950617284,0.320987654320988,0.0740740740740741,0.0864197530864197,0.0864197530864197,0.0864197530864197
"53",0.08,0.08,0.0666666666666667,0.0666666666666667,0.0933333333333333,0.253333333333333,0.106666666666667,0.08,0.08,0.0933333333333333
"54",0.0813953488372093,0.116279069767442,0.104651162790698,0.0813953488372093,0.0930232558139535,0.186046511627907,0.0581395348837209,0.0813953488372093,0.0813953488372093,0.116279069767442
"55",0.0731707317073171,0.109756097560976,0.0853658536585366,0.0731707317073171,0.0975609756097561,0.146341463414634,0.0731707317073171,0.0975609756097561,0.109756097560976,0.134146341463415
"56",0.1125,0.1,0.1125,0.0875,0.1,0.1,0.075,0.075,0.1125,0.125
"57",0.162162162162162,0.135135135135135,0.0675675675675676,0.108108108108108,0.0945945945945946,0.0675675675675676,0.108108108108108,0.0675675675675676,0.0810810810810811,0.108108108108108
"58",0.1375,0.1125,0.1125,0.0625,0.1,0.075,0.0625,0.075,0.0875,0.175
"59",0.152173913043478,0.0652173913043478,0.0760869565217391,0.0760869565217391,0.0760869565217391,0.0652173913043478,0.0760869565217391,0.0760869565217391,0.0978260869565217,0.239130434782609
"60",0.0853658536585366,0.0609756097560976,0.0609756097560976,0.0853658536585366,0.0853658536585366,0.0853658536585366,0.0609756097560976,0.0975609756097561,0.0731707317073171,0.304878048780488
"61",0.0833333333333333,0.0595238095238095,0.0952380952380952,0.0595238095238095,0.0952380952380952,0.0952380952380952,0.0595238095238095,0.0595238095238095,0.0833333333333333,0.30952380952381
"62",0.113924050632911,0.0632911392405063,0.0759493670886076,0.0632911392405063,0.0886075949367089,0.0886075949367089,0.0632911392405063,0.0632911392405063,0.113924050632911,0.265822784810127
"63",0.0888888888888889,0.0777777777777778,0.0555555555555556,0.1,0.0666666666666667,0.0777777777777778,0.0555555555555556,0.0777777777777778,0.111111111111111,0.288888888888889
"64",0.0632911392405063,0.0886075949367089,0.0632911392405063,0.0632911392405063,0.0759493670886076,0.0886075949367089,0.0886075949367089,0.0759493670886076,0.0632911392405063,0.329113924050633
"65",0.0833333333333333,0.152777777777778,0.0833333333333333,0.0833333333333333,0.0833333333333333,0.0694444444444444,0.0694444444444444,0.0694444444444444,0.0694444444444444,0.236111111111111
"66",0.101694915254237,0.101694915254237,0.135593220338983,0.11864406779661,0.0847457627118644,0.0847457627118644,0.0847457627118644,0.0847457627118644,0.0847457627118644,0.11864406779661
"67",0.0759493670886076,0.0759493670886076,0.10126582278481,0.0759493670886076,0.0886075949367089,0.0632911392405063,0.0632911392405063,0.0632911392405063,0.0632911392405063,0.329113924050633
"68",0.0697674418604651,0.0581395348837209,0.0697674418604651,0.0813953488372093,0.0930232558139535,0.0697674418604651,0.0697674418604651,0.0697674418604651,0.0581395348837209,0.36046511627907
"69",0.0581395348837209,0.0697674418604651,0.0930232558139535,0.0697674418604651,0.0813953488372093,0.0697674418604651,0.0697674418604651,0.0930232558139535,0.0697674418604651,0.325581395348837
"70",0.0609756097560976,0.0731707317073171,0.0853658536585366,0.0731707317073171,0.268292682926829,0.0853658536585366,0.0731707317073171,0.0853658536585366,0.0609756097560976,0.134146341463415
"71",0.0581395348837209,0.0813953488372093,0.104651162790698,0.0581395348837209,0.36046511627907,0.0697674418604651,0.0697674418604651,0.0697674418604651,0.0581395348837209,0.0697674418604651
"72",0.0510204081632653,0.0612244897959184,0.102040816326531,0.0510204081632653,0.448979591836735,0.0612244897959184,0.0510204081632653,0.0612244897959184,0.0510204081632653,0.0612244897959184
"73",0.0638297872340425,0.0531914893617021,0.0851063829787234,0.0531914893617021,0.404255319148936,0.074468085106383,0.074468085106383,0.0638297872340425,0.0638297872340425,0.0638297872340425
"74",0.0561797752808989,0.0561797752808989,0.0898876404494382,0.0786516853932584,0.382022471910112,0.0674157303370786,0.0786516853932584,0.0674157303370786,0.0561797752808989,0.0674157303370786
"75",0.0919540229885057,0.0574712643678161,0.0574712643678161,0.0689655172413793,0.390804597701149,0.0804597701149425,0.0689655172413793,0.0574712643678161,0.0574712643678161,0.0689655172413793
"76",0.144578313253012,0.072289156626506,0.0602409638554217,0.108433734939759,0.27710843373494,0.072289156626506,0.0602409638554217,0.0602409638554217,0.072289156626506,0.072289156626506
"77",0.227272727272727,0.0795454545454545,0.0568181818181818,0.0909090909090909,0.181818181818182,0.0568181818181818,0.0568181818181818,0.0681818181818182,0.0681818181818182,0.113636363636364
"78",0.294117647058824,0.0705882352941176,0.0588235294117647,0.105882352941176,0.0823529411764706,0.0705882352941176,0.0823529411764706,0.0705882352941176,0.0823529411764706,0.0823529411764706
"79",0.359550561797753,0.0786516853932584,0.0786516853932584,0.0674157303370786,0.0674157303370786,0.0674157303370786,0.0786516853932584,0.0561797752808989,0.0786516853932584,0.0674157303370786
"80",0.397727272727273,0.0568181818181818,0.0681818181818182,0.102272727272727,0.0681818181818182,0.0681818181818182,0.0568181818181818,0.0681818181818182,0.0568181818181818,0.0568181818181818
"81",0.417582417582418,0.0659340659340659,0.0659340659340659,0.0659340659340659,0.0659340659340659,0.0659340659340659,0.0549450549450549,0.0659340659340659,0.0549450549450549,0.0769230769230769
"82",0.484536082474227,0.0618556701030928,0.0618556701030928,0.0515463917525773,0.0515463917525773,0.0515463917525773,0.0618556701030928,0.0618556701030928,0.0515463917525773,0.0618556701030928
"83",0.504761904761905,0.0571428571428571,0.0476190476190476,0.0666666666666667,0.0476190476190476,0.0476190476190476,0.0571428571428571,0.0571428571428571,0.0571428571428571,0.0571428571428571
"84",0.377551020408163,0.0612244897959184,0.0918367346938776,0.0918367346938776,0.0816326530612245,0.0612244897959184,0.0510204081632653,0.0714285714285714,0.0510204081632653,0.0612244897959184
"85",0.2375,0.0875,0.0875,0.125,0.075,0.075,0.1,0.075,0.075,0.0625
"86",0.0735294117647059,0.102941176470588,0.0882352941176471,0.132352941176471,0.132352941176471,0.0735294117647059,0.117647058823529,0.117647058823529,0.0882352941176471,0.0735294117647059
"87",0.0895522388059701,0.0746268656716418,0.104477611940299,0.119402985074627,0.104477611940299,0.0895522388059701,0.104477611940299,0.0746268656716418,0.134328358208955,0.104477611940299
"88",0.0810810810810811,0.0945945945945946,0.108108108108108,0.162162162162162,0.0675675675675676,0.0810810810810811,0.0945945945945946,0.0810810810810811,0.121621621621622,0.108108108108108
"89",0.111111111111111,0.0694444444444444,0.0833333333333333,0.0972222222222222,0.0833333333333333,0.0972222222222222,0.125,0.0694444444444444,0.125,0.138888888888889
"90",0.0869565217391304,0.072463768115942,0.101449275362319,0.101449275362319,0.130434782608696,0.0869565217391304,0.101449275362319,0.0869565217391304,0.072463768115942,0.159420289855072
"91",0.078125,0.09375,0.09375,0.078125,0.125,0.09375,0.125,0.078125,0.078125,0.15625
"92",0.0923076923076923,0.0923076923076923,0.0769230769230769,0.0923076923076923,0.153846153846154,0.107692307692308,0.0923076923076923,0.0769230769230769,0.0923076923076923,0.123076923076923
"93",0.0923076923076923,0.0923076923076923,0.0769230769230769,0.107692307692308,0.138461538461538,0.107692307692308,0.0769230769230769,0.0923076923076923,0.0769230769230769,0.138461538461538
"94",0.0923076923076923,0.0923076923076923,0.0923076923076923,0.123076923076923,0.153846153846154,0.123076923076923,0.0769230769230769,0.0769230769230769,0.0769230769230769,0.0923076923076923
"95",0.0983606557377049,0.114754098360656,0.0819672131147541,0.147540983606557,0.131147540983607,0.0819672131147541,0.0819672131147541,0.0983606557377049,0.0819672131147541,0.0819672131147541
"96",0.0952380952380952,0.0952380952380952,0.0793650793650794,0.158730158730159,0.0952380952380952,0.0793650793650794,0.142857142857143,0.0952380952380952,0.0793650793650794,0.0793650793650794
"97",0.126984126984127,0.111111111111111,0.0793650793650794,0.126984126984127,0.0952380952380952,0.0952380952380952,0.0793650793650794,0.111111111111111,0.0793650793650794,0.0952380952380952
"98",0.125,0.09375,0.078125,0.125,0.09375,0.078125,0.109375,0.109375,0.078125,0.109375
"99",0.0625,0.0875,0.1125,0.125,0.075,0.075,0.2375,0.075,0.075,0.075
"100",0.0666666666666667,0.12,0.0933333333333333,0.0933333333333333,0.08,0.08,0.16,0.16,0.08,0.0666666666666667
"101",0.0675675675675676,0.135135135135135,0.0675675675675676,0.0810810810810811,0.0945945945945946,0.0945945945945946,0.148648648648649,0.148648648648649,0.0810810810810811,0.0810810810810811
"102",0.0952380952380952,0.119047619047619,0.0833333333333333,0.107142857142857,0.119047619047619,0.0595238095238095,0.107142857142857,0.154761904761905,0.0833333333333333,0.0714285714285714
"103",0.118421052631579,0.0921052631578947,0.0789473684210526,0.0921052631578947,0.131578947368421,0.0789473684210526,0.0789473684210526,0.144736842105263,0.0921052631578947,0.0921052631578947
"104",0.101449275362319,0.159420289855072,0.072463768115942,0.101449275362319,0.115942028985507,0.072463768115942,0.101449275362319,0.115942028985507,0.0869565217391304,0.072463768115942
"105",0.120689655172414,0.137931034482759,0.0862068965517241,0.0862068965517241,0.0862068965517241,0.0862068965517241,0.120689655172414,0.103448275862069,0.0862068965517241,0.0862068965517241
"106",0.125,0.140625,0.078125,0.078125,0.09375,0.078125,0.078125,0.09375,0.09375,0.140625
"107",0.102564102564103,0.0897435897435897,0.0897435897435897,0.0769230769230769,0.102564102564103,0.102564102564103,0.115384615384615,0.0897435897435897,0.0769230769230769,0.153846153846154
"108",0.10126582278481,0.139240506329114,0.0632911392405063,0.0886075949367089,0.0886075949367089,0.0886075949367089,0.0886075949367089,0.0886075949367089,0.0759493670886076,0.177215189873418
"109",0.0789473684210526,0.118421052631579,0.131578947368421,0.0657894736842105,0.131578947368421,0.0921052631578947,0.0789473684210526,0.0921052631578947,0.0921052631578947,0.118421052631579
"110",0.112903225806452,0.112903225806452,0.112903225806452,0.112903225806452,0.0967741935483871,0.0967741935483871,0.0806451612903226,0.0806451612903226,0.0806451612903226,0.112903225806452
"111",0.106060606060606,0.0757575757575758,0.196969696969697,0.0757575757575758,0.106060606060606,0.0909090909090909,0.106060606060606,0.0909090909090909,0.0757575757575758,0.0757575757575758
"112",0.102941176470588,0.147058823529412,0.102941176470588,0.0882352941176471,0.0882352941176471,0.102941176470588,0.117647058823529,0.0735294117647059,0.0735294117647059,0.102941176470588
"113",0.0963855421686747,0.072289156626506,0.0843373493975904,0.0963855421686747,0.072289156626506,0.132530120481928,0.168674698795181,0.0963855421686747,0.0602409638554217,0.120481927710843
"114",0.0897435897435897,0.102564102564103,0.0641025641025641,0.0897435897435897,0.0641025641025641,0.128205128205128,0.217948717948718,0.102564102564103,0.0641025641025641,0.0769230769230769
"115",0.12,0.0933333333333333,0.0933333333333333,0.08,0.0666666666666667,0.12,0.146666666666667,0.106666666666667,0.08,0.0933333333333333
"116",0.0793650793650794,0.111111111111111,0.111111111111111,0.0793650793650794,0.111111111111111,0.0952380952380952,0.142857142857143,0.111111111111111,0.0793650793650794,0.0793650793650794
"117",0.0967741935483871,0.145161290322581,0.112903225806452,0.0806451612903226,0.0967741935483871,0.112903225806452,0.112903225806452,0.0806451612903226,0.0806451612903226,0.0806451612903226
"118",0.101449275362319,0.130434782608696,0.130434782608696,0.115942028985507,0.101449275362319,0.072463768115942,0.0869565217391304,0.101449275362319,0.0869565217391304,0.072463768115942
"119",0.0897435897435897,0.0897435897435897,0.0897435897435897,0.269230769230769,0.102564102564103,0.0769230769230769,0.0641025641025641,0.0897435897435897,0.0641025641025641,0.0641025641025641
"120",0.0588235294117647,0.0705882352941176,0.0588235294117647,0.364705882352941,0.0705882352941176,0.0823529411764706,0.0588235294117647,0.0941176470588235,0.0705882352941176,0.0705882352941176
"121",0.0679611650485437,0.0679611650485437,0.0485436893203883,0.41747572815534,0.058252427184466,0.0485436893203883,0.058252427184466,0.0776699029126214,0.087378640776699,0.0679611650485437
"122",0.0631578947368421,0.0736842105263158,0.0526315789473684,0.4,0.0736842105263158,0.0526315789473684,0.0736842105263158,0.0736842105263158,0.0631578947368421,0.0736842105263158
"123",0.0813953488372093,0.104651162790698,0.0581395348837209,0.290697674418605,0.0697674418604651,0.0697674418604651,0.0930232558139535,0.0813953488372093,0.0813953488372093,0.0697674418604651
"124",0.0923076923076923,0.0769230769230769,0.0769230769230769,0.153846153846154,0.0769230769230769,0.0923076923076923,0.123076923076923,0.107692307692308,0.107692307692308,0.0923076923076923
"125",0.104477611940299,0.0895522388059701,0.0746268656716418,0.134328358208955,0.0746268656716418,0.0746268656716418,0.164179104477612,0.0895522388059701,0.0895522388059701,0.104477611940299
"126",0.0963855421686747,0.108433734939759,0.0602409638554217,0.072289156626506,0.072289156626506,0.0602409638554217,0.27710843373494,0.0843373493975904,0.072289156626506,0.0963855421686747
"127",0.0697674418604651,0.0813953488372093,0.0697674418604651,0.0581395348837209,0.0697674418604651,0.0581395348837209,0.267441860465116,0.116279069767442,0.0930232558139535,0.116279069767442
"128",0.0919540229885057,0.0804597701149425,0.0689655172413793,0.0689655172413793,0.0689655172413793,0.0574712643678161,0.344827586206897,0.103448275862069,0.0574712643678161,0.0574712643678161
"129",0.0769230769230769,0.0769230769230769,0.0641025641025641,0.0769230769230769,0.0641025641025641,0.0769230769230769,0.333333333333333,0.0641025641025641,0.0897435897435897,0.0769230769230769
"130",0.0609756097560976,0.0609756097560976,0.0731707317073171,0.109756097560976,0.0609756097560976,0.0731707317073171,0.304878048780488,0.0609756097560976,0.0975609756097561,0.0975609756097561
"131",0.072289156626506,0.072289156626506,0.072289156626506,0.0963855421686747,0.072289156626506,0.0602409638554217,0.240963855421687,0.072289156626506,0.144578313253012,0.0963855421686747
"132",0.0649350649350649,0.0779220779220779,0.116883116883117,0.0909090909090909,0.0779220779220779,0.0649350649350649,0.233766233766234,0.0649350649350649,0.12987012987013,0.0779220779220779
"133",0.0869565217391304,0.072463768115942,0.115942028985507,0.0869565217391304,0.072463768115942,0.072463768115942,0.202898550724638,0.0869565217391304,0.115942028985507,0.0869565217391304
"134",0.0793650793650794,0.126984126984127,0.0952380952380952,0.126984126984127,0.0793650793650794,0.0952380952380952,0.142857142857143,0.0952380952380952,0.0793650793650794,0.0793650793650794
"135",0.0793650793650794,0.111111111111111,0.0793650793650794,0.126984126984127,0.0793650793650794,0.0952380952380952,0.158730158730159,0.0952380952380952,0.0793650793650794,0.0952380952380952
"136",0.0735294117647059,0.117647058823529,0.0735294117647059,0.0735294117647059,0.132352941176471,0.0882352941176471,0.176470588235294,0.0735294117647059,0.0735294117647059,0.117647058823529
"137",0.0757575757575758,0.106060606060606,0.0757575757575758,0.106060606060606,0.0909090909090909,0.0757575757575758,0.151515151515152,0.106060606060606,0.0757575757575758,0.136363636363636
"138",0.0666666666666667,0.08,0.133333333333333,0.12,0.0933333333333333,0.0666666666666667,0.133333333333333,0.0933333333333333,0.0933333333333333,0.12
"139",0.0810810810810811,0.0810810810810811,0.148648648648649,0.0945945945945946,0.0945945945945946,0.0810810810810811,0.0810810810810811,0.175675675675676,0.0675675675675676,0.0945945945945946
"140",0.0666666666666667,0.08,0.173333333333333,0.0933333333333333,0.0933333333333333,0.106666666666667,0.0933333333333333,0.106666666666667,0.0933333333333333,0.0933333333333333
"141",0.0641025641025641,0.0897435897435897,0.282051282051282,0.0641025641025641,0.0641025641025641,0.115384615384615,0.0641025641025641,0.128205128205128,0.0641025641025641,0.0641025641025641
"142",0.0987654320987654,0.0740740740740741,0.283950617283951,0.0617283950617284,0.0617283950617284,0.0987654320987654,0.0740740740740741,0.0740740740740741,0.0864197530864197,0.0864197530864197
"143",0.0659340659340659,0.0989010989010989,0.32967032967033,0.0549450549450549,0.0549450549450549,0.0989010989010989,0.0549450549450549,0.0769230769230769,0.0769230769230769,0.0879120879120879
"144",0.0705882352941176,0.0823529411764706,0.376470588235294,0.0588235294117647,0.0588235294117647,0.0588235294117647,0.0705882352941176,0.0823529411764706,0.0705882352941176,0.0705882352941176
"145",0.0731707317073171,0.0609756097560976,0.329268292682927,0.0609756097560976,0.0609756097560976,0.0609756097560976,0.0853658536585366,0.0975609756097561,0.0853658536585366,0.0853658536585366
"146",0.0869565217391304,0.0869565217391304,0.289855072463768,0.072463768115942,0.072463768115942,0.0869565217391304,0.072463768115942,0.0869565217391304,0.072463768115942,0.072463768115942
"147",0.114754098360656,0.114754098360656,0.147540983606557,0.0819672131147541,0.0819672131147541,0.114754098360656,0.0819672131147541,0.0983606557377049,0.0819672131147541,0.0819672131147541
"148",0.0967741935483871,0.0806451612903226,0.0967741935483871,0.0806451612903226,0.0967741935483871,0.129032258064516,0.0967741935483871,0.112903225806452,0.0967741935483871,0.112903225806452
"149",0.0641025641025641,0.0897435897435897,0.0769230769230769,0.0769230769230769,0.102564102564103,0.115384615384615,0.166666666666667,0.0897435897435897,0.128205128205128,0.0897435897435897
"150",0.0777777777777778,0.0777777777777778,0.0666666666666667,0.0777777777777778,0.0888888888888889,0.1,0.144444444444444,0.122222222222222,0.155555555555556,0.0888888888888889
"151",0.0561797752808989,0.0561797752808989,0.0786516853932584,0.123595505617978,0.0674157303370786,0.123595505617978,0.146067415730337,0.0898876404494382,0.168539325842697,0.0898876404494382
"152",0.0833333333333333,0.0952380952380952,0.107142857142857,0.0952380952380952,0.0714285714285714,0.119047619047619,0.0952380952380952,0.107142857142857,0.154761904761905,0.0714285714285714
"153",0.0789473684210526,0.105263157894737,0.105263157894737,0.0921052631578947,0.105263157894737,0.184210526315789,0.0789473684210526,0.0789473684210526,0.105263157894737,0.0657894736842105
"154",0.0845070422535211,0.126760563380282,0.112676056338028,0.0845070422535211,0.0985915492957746,0.169014084507042,0.0704225352112676,0.0704225352112676,0.0985915492957746,0.0845070422535211
"155",0.0759493670886076,0.126582278481013,0.0886075949367089,0.0759493670886076,0.0886075949367089,0.177215189873418,0.0632911392405063,0.139240506329114,0.0886075949367089,0.0759493670886076
"156",0.0625,0.0875,0.0875,0.0875,0.1,0.15,0.0625,0.1625,0.1125,0.0875
"157",0.109756097560976,0.0731707317073171,0.109756097560976,0.0853658536585366,0.0609756097560976,0.121951219512195,0.0853658536585366,0.170731707317073,0.109756097560976,0.0731707317073171
"158",0.0845070422535211,0.0845070422535211,0.0704225352112676,0.0845070422535211,0.112676056338028,0.0985915492957746,0.0704225352112676,0.197183098591549,0.112676056338028,0.0845070422535211
"159",0.1,0.0714285714285714,0.0714285714285714,0.0714285714285714,0.1,0.0857142857142857,0.0857142857142857,0.214285714285714,0.0714285714285714,0.128571428571429
"160",0.0697674418604651,0.0697674418604651,0.0930232558139535,0.0581395348837209,0.0930232558139535,0.0930232558139535,0.0697674418604651,0.255813953488372,0.0697674418604651,0.127906976744186
"161",0.0714285714285714,0.0595238095238095,0.107142857142857,0.0714285714285714,0.0714285714285714,0.0714285714285714,0.0714285714285714,0.321428571428571,0.0833333333333333,0.0714285714285714
"162",0.0618556701030928,0.0721649484536082,0.11340206185567,0.0515463917525773,0.0515463917525773,0.0824742268041237,0.0721649484536082,0.350515463917526,0.0618556701030928,0.0824742268041237
"163",0.072289156626506,0.072289156626506,0.120481927710843,0.072289156626506,0.0843373493975904,0.072289156626506,0.0602409638554217,0.301204819277108,0.0602409638554217,0.0843373493975904
"164",0.08,0.08,0.06,0.06,0.08,0.1,0.08,0.35,0.05,0.06
"165",0.0842105263157895,0.0736842105263158,0.0526315789473684,0.0842105263157895,0.0736842105263158,0.0842105263157895,0.0736842105263158,0.347368421052632,0.0631578947368421,0.0631578947368421
"166",0.118279569892473,0.0967741935483871,0.0537634408602151,0.0860215053763441,0.0860215053763441,0.0752688172043011,0.0645161290322581,0.290322580645161,0.0645161290322581,0.0645161290322581
"167",0.106666666666667,0.0666666666666667,0.0666666666666667,0.106666666666667,0.0666666666666667,0.0933333333333333,0.0666666666666667,0.266666666666667,0.08,0.08
"168",0.0972222222222222,0.0694444444444444,0.0833333333333333,0.111111111111111,0.125,0.0972222222222222,0.0972222222222222,0.166666666666667,0.0833333333333333,0.0694444444444444
"169",0.0735294117647059,0.0882352941176471,0.0882352941176471,0.0882352941176471,0.147058823529412,0.102941176470588,0.0882352941176471,0.176470588235294,0.0735294117647059,0.0735294117647059
"170",0.0779220779220779,0.12987012987013,0.142857142857143,0.0649350649350649,0.12987012987013,0.0779220779220779,0.0649350649350649,0.116883116883117,0.0779220779220779,0.116883116883117
"171",0.0909090909090909,0.142857142857143,0.194805194805195,0.0779220779220779,0.0779220779220779,0.0779220779220779,0.0649350649350649,0.0779220779220779,0.0909090909090909,0.103896103896104
"172",0.0777777777777778,0.188888888888889,0.2,0.0666666666666667,0.0777777777777778,0.0666666666666667,0.0666666666666667,0.0666666666666667,0.0888888888888889,0.1
"173",0.0975609756097561,0.121951219512195,0.25609756097561,0.0731707317073171,0.0731707317073171,0.0731707317073171,0.0731707317073171,0.0853658536585366,0.0853658536585366,0.0609756097560976
"174",0.0952380952380952,0.154761904761905,0.178571428571429,0.0952380952380952,0.0714285714285714,0.0952380952380952,0.107142857142857,0.0595238095238095,0.0714285714285714,0.0714285714285714
"175",0.111111111111111,0.125,0.180555555555556,0.0694444444444444,0.0972222222222222,0.0833333333333333,0.0972222222222222,0.0833333333333333,0.0694444444444444,0.0833333333333333
"176",0.142857142857143,0.142857142857143,0.1,0.0857142857142857,0.0857142857142857,0.1,0.0714285714285714,0.0714285714285714,0.1,0.1
"177",0.109375,0.09375,0.140625,0.09375,0.078125,0.09375,0.078125,0.078125,0.109375,0.125
"178",0.101449275362319,0.072463768115942,0.101449275362319,0.0869565217391304,0.115942028985507,0.115942028985507,0.101449275362319,0.0869565217391304,0.130434782608696,0.0869565217391304
"179",0.172413793103448,0.103448275862069,0.0689655172413793,0.0919540229885057,0.0919540229885057,0.126436781609195,0.0804597701149425,0.0689655172413793,0.0919540229885057,0.103448275862069
"180",0.135416666666667,0.114583333333333,0.0833333333333333,0.0729166666666667,0.104166666666667,0.104166666666667,0.09375,0.0833333333333333,0.125,0.0833333333333333
"181",0.252525252525253,0.0707070707070707,0.0909090909090909,0.0707070707070707,0.0707070707070707,0.131313131313131,0.0606060606060606,0.0707070707070707,0.101010101010101,0.0808080808080808
"182",0.21505376344086,0.0967741935483871,0.161290322580645,0.0645161290322581,0.0752688172043011,0.0860215053763441,0.0645161290322581,0.0967741935483871,0.0752688172043011,0.0645161290322581
"183",0.138297872340426,0.0957446808510638,0.159574468085106,0.0638297872340425,0.0957446808510638,0.0851063829787234,0.074468085106383,0.117021276595745,0.074468085106383,0.0957446808510638
"184",0.107843137254902,0.0686274509803922,0.196078431372549,0.0882352941176471,0.127450980392157,0.0980392156862745,0.0882352941176471,0.0784313725490196,0.0490196078431373,0.0980392156862745
"185",0.073394495412844,0.0642201834862385,0.146788990825688,0.0825688073394495,0.146788990825688,0.155963302752294,0.0917431192660551,0.073394495412844,0.0917431192660551,0.073394495412844
"186",0.0654205607476635,0.130841121495327,0.130841121495327,0.121495327102804,0.130841121495327,0.102803738317757,0.0934579439252336,0.0654205607476635,0.0654205607476635,0.0934579439252336
"187",0.0612244897959184,0.112244897959184,0.102040816326531,0.112244897959184,0.142857142857143,0.102040816326531,0.0918367346938776,0.0816326530612245,0.102040816326531,0.0918367346938776
"188",0.0705882352941176,0.247058823529412,0.105882352941176,0.0823529411764706,0.0941176470588235,0.105882352941176,0.0705882352941176,0.0705882352941176,0.0705882352941176,0.0823529411764706
"189",0.0617283950617284,0.259259259259259,0.0987654320987654,0.0617283950617284,0.111111111111111,0.0864197530864197,0.0617283950617284,0.111111111111111,0.0740740740740741,0.0740740740740741
"190",0.0602409638554217,0.313253012048193,0.0963855421686747,0.0602409638554217,0.108433734939759,0.0843373493975904,0.072289156626506,0.0602409638554217,0.072289156626506,0.072289156626506
"191",0.0561797752808989,0.382022471910112,0.0898876404494382,0.0561797752808989,0.0786516853932584,0.0898876404494382,0.0561797752808989,0.0674157303370786,0.0561797752808989,0.0674157303370786
"192",0.0537634408602151,0.419354838709677,0.0645161290322581,0.0752688172043011,0.0752688172043011,0.0752688172043011,0.0537634408602151,0.0645161290322581,0.0645161290322581,0.0537634408602151
"193",0.0595238095238095,0.404761904761905,0.0714285714285714,0.0714285714285714,0.0595238095238095,0.0714285714285714,0.0833333333333333,0.0595238095238095,0.0595238095238095,0.0595238095238095
"194",0.0985915492957746,0.28169014084507,0.0704225352112676,0.0845070422535211,0.0704225352112676,0.0985915492957746,0.0845070422535211,0.0704225352112676,0.0704225352112676,0.0704225352112676
"195",0.138888888888889,0.138888888888889,0.0833333333333333,0.0833333333333333,0.0833333333333333,0.0833333333333333,0.111111111111111,0.0833333333333333,0.0833333333333333,0.111111111111111
"196",0.140845070422535,0.0985915492957746,0.0985915492957746,0.0704225352112676,0.0845070422535211,0.0985915492957746,0.0845070422535211,0.0704225352112676,0.112676056338028,0.140845070422535
"197",0.0694444444444444,0.0972222222222222,0.125,0.0833333333333333,0.125,0.0833333333333333,0.0972222222222222,0.0694444444444444,0.111111111111111,0.138888888888889
"198",0.0833333333333333,0.1,0.1,0.1,0.116666666666667,0.116666666666667,0.1,0.1,0.1,0.0833333333333333
"199",0.142857142857143,0.1,0.1,0.0857142857142857,0.1,0.0714285714285714,0.0857142857142857,0.128571428571429,0.0714285714285714,0.114285714285714
"200",0.0987654320987654,0.135802469135802,0.0987654320987654,0.0864197530864197,0.111111111111111,0.0864197530864197,0.111111111111111,0.111111111111111,0.0617283950617284,0.0987654320987654
"201",0.123456790123457,0.148148148148148,0.0740740740740741,0.0987654320987654,0.0740740740740741,0.0864197530864197,0.0987654320987654,0.123456790123457,0.0864197530864197,0.0864197530864197
"202",0.0649350649350649,0.142857142857143,0.0909090909090909,0.142857142857143,0.0779220779220779,0.0779220779220779,0.0909090909090909,0.12987012987013,0.116883116883117,0.0649350649350649
"203",0.109375,0.09375,0.109375,0.09375,0.09375,0.109375,0.078125,0.125,0.109375,0.078125
"204",0.0888888888888889,0.111111111111111,0.0777777777777778,0.0666666666666667,0.0777777777777778,0.0888888888888889,0.266666666666667,0.1,0.0666666666666667,0.0555555555555556
"205",0.0568181818181818,0.113636363636364,0.0568181818181818,0.0795454545454545,0.0568181818181818,0.102272727272727,0.318181818181818,0.0795454545454545,0.0681818181818182,0.0681818181818182
"206",0.0505050505050505,0.0808080808080808,0.0505050505050505,0.0707070707070707,0.0707070707070707,0.101010101010101,0.343434343434343,0.111111111111111,0.0707070707070707,0.0505050505050505
"207",0.0833333333333333,0.0833333333333333,0.0694444444444444,0.0833333333333333,0.0694444444444444,0.0694444444444444,0.263888888888889,0.111111111111111,0.0972222222222222,0.0694444444444444
"208",0.0735294117647059,0.0882352941176471,0.0735294117647059,0.0735294117647059,0.0735294117647059,0.102941176470588,0.235294117647059,0.117647058823529,0.0882352941176471,0.0735294117647059
"209",0.105263157894737,0.105263157894737,0.087719298245614,0.087719298245614,0.087719298245614,0.105263157894737,0.087719298245614,0.12280701754386,0.105263157894737,0.105263157894737
"210",0.101449275362319,0.115942028985507,0.072463768115942,0.130434782608696,0.101449275362319,0.101449275362319,0.0869565217391304,0.101449275362319,0.072463768115942,0.115942028985507
"211",0.0684931506849315,0.0821917808219178,0.0821917808219178,0.150684931506849,0.123287671232877,0.0821917808219178,0.0821917808219178,0.10958904109589,0.0684931506849315,0.150684931506849
"212",0.10126582278481,0.0886075949367089,0.0632911392405063,0.189873417721519,0.113924050632911,0.0886075949367089,0.0759493670886076,0.0759493670886076,0.0632911392405063,0.139240506329114
"213",0.133333333333333,0.0666666666666667,0.0666666666666667,0.24,0.12,0.08,0.08,0.08,0.0666666666666667,0.0666666666666667
"214",0.10126582278481,0.0759493670886076,0.0632911392405063,0.291139240506329,0.0759493670886076,0.0759493670886076,0.0886075949367089,0.0886075949367089,0.0632911392405063,0.0759493670886076
"215",0.10126582278481,0.10126582278481,0.0632911392405063,0.291139240506329,0.0759493670886076,0.0632911392405063,0.0632911392405063,0.0759493670886076,0.0886075949367089,0.0759493670886076
"216",0.0972222222222222,0.0833333333333333,0.0694444444444444,0.263888888888889,0.0833333333333333,0.0694444444444444,0.125,0.0694444444444444,0.0694444444444444,0.0694444444444444
"217",0.0779220779220779,0.0649350649350649,0.0649350649350649,0.272727272727273,0.0909090909090909,0.0649350649350649,0.0909090909090909,0.12987012987013,0.0649350649350649,0.0779220779220779
"218",0.072463768115942,0.0869565217391304,0.072463768115942,0.202898550724638,0.101449275362319,0.072463768115942,0.0869565217391304,0.144927536231884,0.072463768115942,0.0869565217391304
"219",0.0821917808219178,0.0684931506849315,0.0684931506849315,0.150684931506849,0.10958904109589,0.10958904109589,0.0684931506849315,0.150684931506849,0.0958904109589041,0.0958904109589041
